 16777215

     8848     4154      529     1566      504      573
      462      542      500      531      502     1574
      504      521      521      529      520      545
      500     1568      506     1553      523      555
      479      539      504      541      500      555
      480      531      503      562      481      527
      522      563      479      530      504      540
      502      550      500     1572      505      554
      481     1571      504      521      521      554
      501      517      520     1578      522