
     8881     4158      528     1566      504      542
      500      555      478      542      502     1561
      523      562      472      563      479      530
      520      529      521      564      478      532
      518      556      479     1561      523      540
      503      540      502      520      521      556
      478     1580      505      563      479      532
      503      520      521     1566      502      564
      479     1554      528      529      500      542
      499      533      502     1580      505