
     8845     4196      497     1565      471      591
      446      589      444      592      442     1623
      447      611      422      598      447      576
      469      583      446      578      464      611
      424      588      445      591      443      613
      422      589      445      612      422      621
      422      578      464     1621      448     1637
      447      598      444     1626      466      588
      447     1628      448     1620      448      588
      446      601      442      585      464