
     8768     4231      529     1609      402      612
      424      612      424      576      464     1637
      447      626      411      588      442      613
      445      555      465      630      405      634
      399      588      452     1623      440      604
      488      617      412      566      440      596
      424     1626      467      604      482      559
      449      617      432     1627      450      671
      372      574      450      585      455      569
      492      591      472      528      494