
     8875     4148      463     1617      493      583
      446      589      446      556      490     1594
      470      566      467      575      468      574
      451      573      469      585      464      577
      444      590      444      591      444      589
      445      590      444      620      424      604
      445      598      444     1627      466     1617
      467      606      436     1638      446      612
      422      597      445      597      446     1618
      466     1622      446     1646      447