
     8823     4178      465     1615      522      569
      435      565      470      552      519     1567
      474      570      480      585      475      525
      520      556      463      548      471      572
      470      570      503     1581      472      561
      511      534      470      581      501      532
      509     1572      521      542      495      545
      502      566      464      539      498     1566
      499      540      495     1578      498     1574
      515     1565      498      549      500