
     8826     4157      502     1595      495      563
      472      546      475      561      493     1574
      469      573      469      589      446      574
      468      555      469      615      444      567
      467      566      469      597      444      569
      464      577      450      586      464      584
      452      572      464     1625      467     1646
      447      576      465      612      422      598
      445      578      463      589      446      588
      446     1621      447     1630      448