
     8878     4175      543     1537      526      544
      501      533      506      529      504     1572
      506      518      524      529      505      536
      506      529      504      538      505      555
      481      544      506     1577      506      554
      481      553      480      538      511      512
      524     1561      507      557      477      527
      523      538      504      527      524      562
      479      538      505     1569      507     1569
      507      563      479      546      505