
     8781     4204      531     1530      480      584
      466      567      482      609      421     1598
      502      551      466      589      454      689
      357      590      448      604      498      522
      468      564      505      570      445      566
      472      560      493      573      471      557
      498      543      462     1610      509     1568
      465      574      515      519      468     1632
      501      528      484      538      519     1585
      533      567      497     1513      505