
     8857     4179      533     1563      511      547
      481      554      481      519      521     1565
      506      527      525      518      521      543
      499      531      503      541      504      530
      502      528      543     1557      506      531
      503      531      503      539      504      541
      499     1565      504     1586      500      562
      479      541      502     1554      522      532
      510      523      502      549      502      520
      522     1577      523      540      501
