
     8820     4178      497     1573      614      426
      501      558      489      542      486     1572
      507      510      520      534      503      530
      502      542      500      758      280      544
      500      507      530     1627      469      519
      531      538      485      550      496      516
      522     1595      507      539      505     1537
      529      526      502      554      480     1581
      506      545      502     1560      515     1608
      470     1554      522     1580      654
