
     8879     4145      529     1575      513      501
      529      524      505      536      503     1565
      523      573      478      553      473      586
      505      528      480      565      478      528
      572      530      464     1550      552      530
      511      532      515      554      512     1508
      503     1596      497     1538      529      562
      500      508      501     1560      556      501
      501     1562      507     1588      485      531
      563     1584      432     1577      503