
     8887     4142      526     1534      527      561
      481      528      506      553      483     1549
      526      554      480      553      482      517
      524      527      524      561      481      527
      523      561      482     1558      526      535
      507      553      480      529      506      528
      506     1561      508      530      504     1557
      527      529      505      539      503      517
      525      537      506     1549      527     1561
      508      528      506     1550      526