
     8881     4160      525     1568      498      528
      517      537      499      542      495     1569
      520      535      494      570      473      555
      499      549      500      544      495      553
      500      537      494     1568      517      547
      494      529      517      543      474     1594
      495      540      495     1560      495      568
      495      540      494      528      492     1598
      500      533      493      541      493     1574
      496      547      494      531      468