
     8877     4124      525     1562      536      498
      516      549      484      576      459     1561
      507      561      482      556      502      536
      482      536      506      561      503      536
      476      555      479     1575      513      543
      478      538      507      517      540     1569
      507      548      573      446      526      581
      463      537      517      547      481     1583
      509      526      508      529      507      542
      505     1579      508      537      512
