
     8799     4183      479     1617      469      568
      467      558      467      607      444     1608
      446      578      470      583      446      612
      422      578      469      584      445      612
      422      597      452     1639      447      588
      452      591      445      620      423     1617
      466      613      423     1626      471     1605
      466      578      463      612      423     1621
      447      598      445      578      464     1626
      466      578      464     1622      446