
     8851     4150      566     1505      530      535
      505      554      520      537      479     1582
      503      528      500      543      569      483
      500      513      522      549      501      540
      513      538      501     1574      504      553
      480      595      439      555      500     1558
      506     1570      522      532      502      558
      490      549      479     1569      538      525
      502      562      482     1555      520      539
      504      564      499      501      503