
     8859     4149      522     1544      525      521
      521      530      504      529      521     1553
      523      520      522      531      504      553
      481      562      481      548      501      540
      503      548      501     1580      505      529
      521      520      522      521      521     1563
      506      530      504     1559      525     1571
      506      538      504     1551      525      553
      482      529      505      529      505     1571
      506     1552      524     1570      506