
     8855     4152      540     1529      502      542
      494      582      453      576      472     1582
      523      522      492      560      480      567
      503      549      477      551      500      545
      502      526      519     1582      503      530
      520      522      521      530      511      556
      478     1575      501      532      503     1564
      506      579      464     1552      523      530
      512      530      504      543      492      562
      483      538      501     1563      506