
     8807     4178      504     1542      523      556
      488      544      479      523      602     1494
      498      610      426      632      446      500
      505      532      504      530      553      513
      509      490      522     1591      520      517
      502      532      503      567      499     1543
      524     1579      505      532      503      585
      480      517      501      554      481      577
      500      498      509      531      503     1580
      513      520      522      531      550