
     8828     4203      472     1597      467      597
      455      569      469      606      426     1622
      443      620      474      552      451      607
      421      592      444      597      445      641
      401      597      445     1630      447      578
      465      618      423      577      465      586
      464     1619      465     1645      448      595
      439      597      445      589      445     1620
      449      611      434      586      446      591
      458      579      465      584      465
