
     8883     4173      509     1528      522      552
      500      536      522      520      554     1508
      526      539      503      553      490      546
      530      476      524      549      500      532
      502      556      481     1587      503      593
      450      549      499      541      566     1534
      541      524      440      558      519     1544
      547      465      552     1563      547      688
      281     1611      557      438      507     1570
      577     1500      546      553      501
