
     8882     4156      538     1549      504      564
      479      520      521      564      479     1561
      523      555      479      555      479      541
      502      542      499      558      478      529
      521      520      521     1589      503      521
      522      554      480      563      479     1573
      504      555      479      531      503     1553
      523      540      502      522      520      550
      501      541      501      541      501      540
      502      555      479     1573      504