
     8874     4154      524     1545      523      539
      504      549      500      540      503     1560
      524      555      479      563      479      541
      502      521      521      549      501      520
      523      527      527     1548      524      531
      502      531      504      561      481      532
      503     1562      522     1553      523      553
      482      553      481     1578      507      547
      503     1569      524      519      521      540
      503     1571      505     1563      505
