
     8829     4157      528     1568      496      539
      496      530      516      534      496     1572
      496      547      495      537      497      569
      474      545      501      564      473      539
      496      538      496      548      494      562
      473      528      518      557      474     1583
      521     1566      497     1589      496      553
      501      556      474      538      496     1571
      498      560      475      545      500      532
      518      543      499      532      518
