
     8858     4158      522     1549      521      520
      522      529      521      520      522     1561
      524      538      504      554      480      521
      522      539      502      540      502      519
      523      554      481     1579      506      547
      502      562      480      531      503     1553
      524     1562      511      526      503      540
      502      540      503     1560      523      554
      481     1571      505     1563      508      559
      480      554      481     1563      505   

