
     8874     4137      525     1545      535      522
      540      486      522      575      474     1553
      524      517      506      547      500      532
      503      724      311      563      486      514
      521      540      502     1573      504      519
      525      552      500      528      503     1595
      500     1572      553      512      502     1612
      517      517      481     1562      506      543
      500     1552      508     1566      503      561
      481     1582      503      552      480