
     8875     4148      472     1609      530      548
      471      672      359      568      575     1483
      497      546      476      536      496      571
      500      516      498      569      474      573
      498      571      433     1621      500      541
      472      555      498      595      465     1551
      499     1580      499      532      472     1617
      500      545      474      545      498     1585
      500      543      498      562      473     1585
      498     1572      501     1576      498
