
     8841     4153      539     1562      501      554
      479      539      502      556      479     1573
      497      560      488      546      480      563
      481      539      501      564      479      553
      482      554      478     1574      503      555
      479      538      505      521      520     1631
      462     1576      515     1583      503      540
      501      520      522     1565      503      532
      502      555      493     1577      503      528
      520     1582      504      548      503
