
     8829     4156      526     1579      491      531
      517      520      510      540      486     1571
      505      540      502      532      503      563
      479      519      523      564      478      533
      501      556      478     1576      502      531
      501      564      479      550      501      533
      500     1554      538     1566      504      527
      528      549      479      556      479      540
      502      532      502     1572      505     1587
      505     1570      514      540      503