
     8880     4156      521     1538      524      563
      480      549      500      541      501     1561
      524      539      501      556      479      540
      503      541      501      563      480      519
      521      556      478     1589      504      540
      503      550      500      541      500     1565
      503     1573      504      534      500     1572
      504      542      500      522      520      541
      501      531      520      542      500     1564
      504      565      482     1557      524