
     8883     4155      531     1566      504      540
      502      554      479      562      484     1558
      523      554      481      540      506      544
      502      528      521      563      480      528
      522      554      480     1560      524      563
      479      521      521      541      501     1563
      505      556      480     1552      523      563
      479      533      502     1555      521      563
      480     1553      523      539      514     1559
      505     1564      506     1562      511