
     8850     4197      495     1566      471      615
      422      612      422      589      446     1610
      465      592      443      589      446      578
      464      606      449      592      445      585
      465      597      445     1620      470      614
      423      611      423      612      422      612
      422     1622      449     1628      446     1609
      467      611      424      619      423     1610
      466      612      422      578      465      588
      446      598      445     1609      466