
     8868     4177      541     1538      523      566
      476      534      501      541      501     1564
      510      534      502      521      520      557
      479      521      519      541      502      556
      478      533      502     1566      502      563
      479      555      479      542      501     1563
      521      550      500      522      520      556
      479      549      501     1554      522      542
      500     1564      505      539      503     1562
      522      555      479     1589      505