
     8873     4145      516     1580      528      583
      434      576      494      681      340     1552
      577      516      504      502      502      591
      488      464      548      538      507      527
      486      573      480     1536      504      597
      446      554      486      534      502      528
      522     1580      504     1598      511     1548
      502      562      503     1550      571      536
      482      478      584      483      481      518
      595     1483      526     1588      502
