
     8875     4155      463     1604      622      459
      472      527      538      539      478     1678
      386      574      542      576      400      580
      455      559      480      564      483      534
      476      572      638     1433      497      559
      460      569      496      563      473     1583
      491     1613      502      557      453      611
      470      539      494      566      494     1580
      487      574      443      575      452     1629
      469     1618      488      553      469