
     8874     4153      526     1544      523      569
      473      529      521      562      480     1561
      524      529      505      541      502      540
      502      540      502      528      522      520
      522      549      501     1553      524      529
      505      553      481      562      480     1572
      505      521      521      540      502     1562
      506      532      503     1578      507      527
      523      547      502      553      481     1563
      507      526      524     1551      524