
     8821     4175      520     1555      539      665
      374      496      503      552      481     1576
      503      541      501      571      501      501
      499      538      501      588      446      554
      503      518      501     1602      500      544
      480      561      481      563      498     1541
      525      559      518     1527      523     1558
      518      520      521     1567      503      530
      503     1605      488     1545      522      556
      501      549      479      548      501