
     8875     4124      534     1536      524      538
      504      520      521      533      502     1562
      506      541      501      521      535      542
      480      529      521      519      535      517
      521      520      522     1569      524      519
      522      538      500      527      504     1562
      506     1571      506     1575      501      554
      481      540      501      528      522      522
      521      520      521      542      499     1564
      505     1564      505      530      504