
     8881     4164      444     1588      593      488
      502      537      479      530      505     1586
      501      539      479      553      544      532
      482      491      647      434      477      560
      533      503      512     1541      503      547
      500      535      604      486      501     1542
      504      521      558      506      499      529
      522      522      548      501      513      541
      501      522      549      536      478      635
      406      524      546      522      483