
     8873     4146      494     1609      445      589
      469      552      470      603      434     1595
      473      570      619      468      418      572
      495      558      466      592      450      583
      467      611      435     1612      469      615
      453      749      316      525      446     1612
      458     1606      470      592      466     1582
      470      587      472     1606      488      546
      500      555      480     1587      477      566
      473      583      441     1596      496
