
     8855     4152      520     1547      520      521
      522      557      496      530      501     1554
      539      503      522      555      506      505
      533      531      481      529      521      565
      503      503      521     1597      505      567
      466      540      506      544      498     1564
      503      530      532      511      500      554
      486      528      503     1562      507      518
      523      559      503      501      505     1564
      503      554      492      526      504