
     8876     4169      545     1539      524      561
      482      515      526      528      506     1560
      508      561      481      561      481      537
      506      553      485      525      505      536
      508      535      506     1576      509      535
      506      554      480      527      523      536
      508     1563      527     1585      508     1551
      529      549      481      537      505      553
      482      537      505     1556      528     1576
      509     1549      527     1567      509
