
     8897     4141      549     1511      477      625
      407      591      443      606      452     1591
      497      552      448      622      439      569
      445      591      459      601      440      624
      446      577      449     1618      467      596
      446      611      430      612      416     1620
      477      580      424     1629      449      576
      471      622      407      618      425      575
      506      596      407      592      449      611
      441     1625      435      587      479