
     8906     4152      539     1558      500      532
      502      522      533      550      488     1554
      523      554      494      540      480      563
      481      540      501      531      504      548
      502      520      521     1589      504      519
      537      517      503      538      504      532
      502     1563      505      563      480     1551
      524      563      480     1560      524      531
      504     1558      517      555      480      553
      481     1562      506      555      479