
     8858     4145      542     1538      524      532
      502      554      481      544      500     1562
      504      561      481      538      505      519
      522      559      476      553      480      542
      501      540      502     1579      505      541
      500      556      479      529      521     1562
      522      557      479     1552      527     1560
      504      532      502      540      502      541
      502      530      503      550      506      517
      520     1579      521     1552      524