
     8893     4157      494     1576      520      544
      494      529      518      557      472     1572
      496      549      494      553      501      535
      494      539      496      554      497      520
      517      543      495     1581      496      528
      518      553      486      546      500     1572
      523      548      499      523      519     1567
      497      539      495      547      496     1559
      520      535      496      546      500      533
      517     1567      500     1608      497