
     8879     4147      529     1548      518      537
      505      554      481      544      511     1545
      526      517      525      526      508      529
      511      538      500      542      506      561
      482      525      524     1577      509      544
      505      536      506      525      517      552
      482     1569      509     1567      509     1566
      517      553      482     1550      526      528
      505     1569      508      535      507     1568
      509      552      484      537      502
