
     8873     4123      515     1556      500      567
      474      547      488      532      502     1572
      513      523      529      546      463      538
      501      529      524      538      534      516
      504      562      542     1504      518      541
      501      563      501      499      505     1564
      506      552      499     1556      518      505
      546      530      486     1582      550      507
      492      543      480      581      559     1468
      515     1598      503      490      523