
     8833     4152      532     1563      504      555
      479      541      501      555      480     1574
      503      521      521      555      480      533
      502      539      501      532      502      532
      503      540      502     1588      504      531
      504      539      503      538      505     1559
      524     1572      504     1572      504     1563
      506      562      481     1551      525      519
      523      532      503     1568      524      518
      523     1587      506     1570      506