
     8880     4142      497     1586      522      540
      502      532      503      544      502     1559
      506      539      503      540      502      555
      479      540      502      539      504      531
      503      531      503     1562      507      562
      480      554      480      564      478     1560
      525     1568      526     1558      523     1564
      505      531      503     1563      511      548
      481     1587      506     1560      524     1559
      531      548      479      555      481
