
     8877     4162      466     1642      473      562
      470      537      493      568      495     1572
      491      592      467      545      467      575
      468      571      453      592      468      559
      465      607      445     1624      489      578
      444      564      467      577      467     1616
      469     1623      431     1623      456     1636
      424      587      472      571      443     1627
      623      497      399     1603      446      601
      544      477      463     1624      468