
     8883     4151      524     1548      520      564
      479      541      500      532      502     1565
      504      564      479      528      521      531
      503      533      502      542      501      522
      519      540      502     1572      504      543
      499      564      478      522      521     1570
      523     1578      521     1579      497     1565
      504      539      503      531      502      542
      501      542      499      540      503     1555
      523     1580      503     1554      528